    0.0451     0.0458     0.0463     0.0462     0.0453     0.0437     0.0413     0.0386     0.0359     0.0333     0.0307     0.0282     0.0257     0.0228     0.0194     0.0156     0.0114     0.0067     0.0033     0.0030     0.0056     0.0112     0.0199     0.0306     0.0397     0.0467     0.0517     0.0547     0.0558     0.0564     0.0575     0.0590     0.0610     0.0633     0.0665     0.0715     0.0784     0.0871     0.0976     0.1096     0.1180     0.1214     0.1198     0.1134     0.1021     0.0889     0.0781     0.0698     0.0641     0.0610     0.0606     0.0633     0.0691     0.0781     0.0903     0.1057     0.1205     0.1302     0.1350     0.1349     0.1302     0.1217     0.1152     0.1113     0.1101     0.1117     0.1160     0.1229     0.1323     0.1441     0.1583     0.1750     0.1896     0.1892     0.1735     0.1431     0.0985
    0.0451     0.0458     0.0463     0.0462     0.0453     0.0437     0.0413     0.0386     0.0359     0.0333     0.0307     0.0282     0.0257     0.0228     0.0194     0.0156     0.0113     0.0066     0.0033     0.0030     0.0056     0.0112     0.0199     0.0306     0.0397     0.0467     0.0517     0.0547     0.0558     0.0564     0.0575     0.0590     0.0610     0.0633     0.0665     0.0715     0.0783     0.0870     0.0976     0.1096     0.1180     0.1214     0.1198     0.1134     0.1022     0.0889     0.0781     0.0698     0.0641     0.0610     0.0606     0.0633     0.0691     0.0780     0.0902     0.1056     0.1204     0.1301     0.1350     0.1349     0.1302     0.1218     0.1152     0.1113     0.1101     0.1117     0.1160     0.1229     0.1322     0.1440     0.1582     0.1748     0.1896     0.1893     0.1737     0.1433     0.0986
    0.0451     0.0458     0.0463     0.0462     0.0453     0.0437     0.0413     0.0386     0.0359     0.0333     0.0307     0.0282     0.0257     0.0228     0.0194     0.0156     0.0113     0.0066     0.0033     0.0030     0.0056     0.0112     0.0199     0.0306     0.0397     0.0467     0.0517     0.0547     0.0558     0.0564     0.0575     0.0590     0.0610     0.0633     0.0665     0.0715     0.0783     0.0870     0.0975     0.1095     0.1180     0.1214     0.1199     0.1135     0.1022     0.0889     0.0781     0.0698     0.0641     0.0610     0.0606     0.0632     0.0690     0.0780     0.0902     0.1056     0.1203     0.1301     0.1349     0.1350     0.1302     0.1218     0.1152     0.1113     0.1101     0.1117     0.1160     0.1228     0.1321     0.1439     0.1581     0.1747     0.1895     0.1893     0.1738     0.1435     0.0988
    0.0451     0.0458     0.0463     0.0462     0.0453     0.0437     0.0413     0.0386     0.0359     0.0333     0.0307     0.0282     0.0257     0.0228     0.0194     0.0156     0.0113     0.0066     0.0033     0.0030     0.0056     0.0112     0.0199     0.0306     0.0397     0.0467     0.0517     0.0547     0.0558     0.0564     0.0575     0.0590     0.0610     0.0633     0.0665     0.0715     0.0783     0.0870     0.0975     0.1095     0.1180     0.1214     0.1199     0.1135     0.1023     0.0890     0.0781     0.0698     0.0641     0.0610     0.0606     0.0632     0.0690     0.0780     0.0902     0.1055     0.1203     0.1301     0.1349     0.1350     0.1303     0.1218     0.1152     0.1113     0.1101     0.1117     0.1159     0.1228     0.1321     0.1438     0.1580     0.1746     0.1894     0.1894     0.1740     0.1438     0.0990
    0.0451     0.0458     0.0463     0.0462     0.0453     0.0437     0.0413     0.0386     0.0359     0.0333     0.0307     0.0282     0.0257     0.0228     0.0194     0.0156     0.0113     0.0066     0.0033     0.0030     0.0056     0.0113     0.0199     0.0306     0.0397     0.0467     0.0517     0.0547     0.0558     0.0564     0.0575     0.0590     0.0610     0.0633     0.0665     0.0715     0.0783     0.0870     0.0975     0.1094     0.1179     0.1214     0.1199     0.1135     0.1023     0.0890     0.0781     0.0698     0.0641     0.0610     0.0606     0.0632     0.0690     0.0780     0.0901     0.1055     0.1202     0.1300     0.1349     0.1350     0.1303     0.1219     0.1153     0.1113     0.1101     0.1116     0.1159     0.1228     0.1320     0.1438     0.1579     0.1745     0.1894     0.1895     0.1742     0.1440     0.0991
    0.0451     0.0458     0.0463     0.0462     0.0453     0.0437     0.0413     0.0386     0.0359     0.0333     0.0307     0.0282     0.0257     0.0228     0.0194     0.0156     0.0113     0.0066     0.0033     0.0030     0.0056     0.0113     0.0199     0.0307     0.0397     0.0467     0.0517     0.0547     0.0558     0.0564     0.0575     0.0590     0.0610     0.0633     0.0665     0.0715     0.0783     0.0869     0.0974     0.1094     0.1179     0.1214     0.1199     0.1136     0.1024     0.0890     0.0782     0.0699     0.0641     0.0610     0.0606     0.0632     0.0690     0.0779     0.0901     0.1054     0.1201     0.1300     0.1349     0.1350     0.1304     0.1220     0.1153     0.1114     0.1101     0.1116     0.1159     0.1227     0.1319     0.1436     0.1577     0.1742     0.1892     0.1896     0.1745     0.1444     0.0995
    0.0451     0.0458     0.0463     0.0462     0.0453     0.0436     0.0413     0.0386     0.0359     0.0333     0.0307     0.0282     0.0257     0.0228     0.0194     0.0156     0.0113     0.0066     0.0033     0.0030     0.0057     0.0113     0.0200     0.0307     0.0397     0.0467     0.0517     0.0547     0.0558     0.0564     0.0575     0.0590     0.0610     0.0633     0.0665     0.0715     0.0782     0.0869     0.0973     0.1093     0.1178     0.1214     0.1200     0.1137     0.1025     0.0891     0.0782     0.0699     0.0641     0.0610     0.0606     0.0632     0.0690     0.0779     0.0900     0.1052     0.1200     0.1299     0.1349     0.1350     0.1304     0.1220     0.1154     0.1114     0.1101     0.1116     0.1158     0.1226     0.1318     0.1435     0.1575     0.1739     0.1891     0.1897     0.1749     0.1448     0.0998
    0.0451     0.0458     0.0463     0.0462     0.0453     0.0436     0.0413     0.0386     0.0359     0.0333     0.0307     0.0282     0.0257     0.0227     0.0194     0.0155     0.0113     0.0065     0.0033     0.0030     0.0057     0.0113     0.0200     0.0307     0.0397     0.0467     0.0517     0.0547     0.0558     0.0564     0.0575     0.0590     0.0610     0.0633     0.0665     0.0714     0.0782     0.0868     0.0973     0.1092     0.1178     0.1214     0.1200     0.1137     0.1026     0.0892     0.0782     0.0699     0.0642     0.0610     0.0606     0.0632     0.0690     0.0779     0.0899     0.1051     0.1199     0.1298     0.1348     0.1351     0.1305     0.1221     0.1154     0.1114     0.1101     0.1116     0.1158     0.1225     0.1317     0.1433     0.1573     0.1737     0.1890     0.1898     0.1752     0.1453     0.1001
    0.0451     0.0458     0.0463     0.0462     0.0453     0.0436     0.0413     0.0386     0.0359     0.0333     0.0307     0.0282     0.0257     0.0227     0.0194     0.0155     0.0112     0.0065     0.0033     0.0030     0.0057     0.0114     0.0200     0.0307     0.0397     0.0467     0.0517     0.0547     0.0558     0.0564     0.0575     0.0590     0.0609     0.0633     0.0665     0.0714     0.0782     0.0868     0.0972     0.1091     0.1177     0.1213     0.1200     0.1138     0.1027     0.0892     0.0783     0.0699     0.0642     0.0610     0.0606     0.0632     0.0689     0.0778     0.0899     0.1050     0.1198     0.1297     0.1348     0.1351     0.1306     0.1222     0.1154     0.1114     0.1101     0.1116     0.1157     0.1225     0.1316     0.1432     0.1571     0.1734     0.1888     0.1899     0.1755     0.1457     0.1005
    0.0451     0.0458     0.0463     0.0462     0.0453     0.0436     0.0413     0.0386     0.0359     0.0333     0.0307     0.0282     0.0257     0.0227     0.0193     0.0155     0.0112     0.0065     0.0033     0.0030     0.0057     0.0114     0.0201     0.0307     0.0397     0.0467     0.0517     0.0547     0.0558     0.0564     0.0575     0.0590     0.0609     0.0633     0.0665     0.0714     0.0782     0.0867     0.0971     0.1090     0.1177     0.1213     0.1201     0.1139     0.1028     0.0893     0.0783     0.0699     0.0642     0.0611     0.0606     0.0632     0.0689     0.0778     0.0898     0.1049     0.1197     0.1297     0.1348     0.1351     0.1306     0.1222     0.1155     0.1114     0.1101     0.1115     0.1157     0.1224     0.1315     0.1431     0.1570     0.1732     0.1887     0.1900     0.1758     0.1461     0.1008
    0.0451     0.0458     0.0463     0.0462     0.0453     0.0436     0.0413     0.0386     0.0359     0.0333     0.0307     0.0282     0.0257     0.0227     0.0193     0.0155     0.0112     0.0065     0.0033     0.0030     0.0057     0.0114     0.0201     0.0307     0.0397     0.0467     0.0517     0.0547     0.0558     0.0564     0.0575     0.0590     0.0609     0.0633     0.0665     0.0714     0.0781     0.0867     0.0971     0.1090     0.1176     0.1213     0.1201     0.1139     0.1028     0.0894     0.0783     0.0700     0.0642     0.0611     0.0606     0.0632     0.0689     0.0777     0.0897     0.1048     0.1196     0.1296     0.1348     0.1351     0.1307     0.1223     0.1155     0.1115     0.1101     0.1115     0.1156     0.1223     0.1314     0.1429     0.1568     0.1729     0.1885     0.1901     0.1762     0.1466     0.1012
    0.0451     0.0458     0.0463     0.0462     0.0453     0.0436     0.0413     0.0386     0.0359     0.0333     0.0307     0.0282     0.0256     0.0227     0.0193     0.0155     0.0112     0.0064     0.0033     0.0030     0.0058     0.0115     0.0201     0.0308     0.0398     0.0467     0.0517     0.0547     0.0558     0.0564     0.0575     0.0590     0.0609     0.0633     0.0664     0.0713     0.0781     0.0866     0.0969     0.1088     0.1175     0.1213     0.1202     0.1141     0.1030     0.0895     0.0784     0.0700     0.0642     0.0611     0.0606     0.0632     0.0689     0.0777     0.0896     0.1046     0.1194     0.1295     0.1347     0.1352     0.1308     0.1225     0.1156     0.1115     0.1101     0.1115     0.1156     0.1222     0.1312     0.1426     0.1564     0.1724     0.1882     0.1903     0.1768     0.1474     0.1019
