 10    KST    MAK  BFI    BBG    TWU    PFH   PALB  RSTMIN  WP_BFW  F_BFW    %leer
  0.    1.     1.  0.0    .0    .0     .0    1.      1.    1.      1.      
  1.    1.     1.  0.0    .0    .0     .0    0.2   200.    0.05    30.     % keine Landnutzung
 75.    1.     1.  0.0    .0    .0     .0    0.2   200.    0.05    30.     
105.    1.     1.  0.0    .0    .0     .0    0.2   200.    0.05    30.     
135.    1.     1.  0.0    .0    .0     .0    0.2   200.    0.05    30.
165.    1.     1.  0.0    .0    .0     .0    0.2   200.    0.05    30.
195.    1.     1.  0.0    .0    .0     .0    0.2   200.    0.05    30.
225.    1.     1.  0.0    .0    .0     .0    0.2   200.    0.05    30.
255.    1.     1.  0.0    .0    .0     .0    0.2   200.    0.05    30.
285.    1.     1.  0.0    .0    .0     .0    0.2   200.    0.05    30.
315.    1.     1.  0.0    .0    .0     .0    0.2   200.    0.05    30.
366.    1.     1.  0.0    .0    .0     .0    0.2   200.    0.05    30.
