 10    KST    MAK    BFI    BBG    TWU    PFH    PALB  RSTMIN   WP_BFW  F_BFW  EROSP1  EROSP2  EROSP3
  0.    1.     1.     1.2    1.1    1.     1.     1.      1.     1.      1.      1.      1.      1.
  1.    4.     1.     0.     0.     0.     0.     0.2   200.     0.05    30.
111.    4.     1.     0.     0.     0.     0.     0.2   200.     0.05    30.
140.    3.     1.     0.05   0.1    0.1    0.20   0.2   200.     0.05    30.
145.    3.     1.     0.1    0.2    0.2    0.25   0.2   200.     0.05    30.
163.    3.     1.     0.5    0.3    0.3    0.57   0.2   200.     0.05    30.
184.    2.     1.     3.5    0.7    0.7    1.50   0.2   200.     0.05    30.
195.    2.     1.     3.8    0.75   0.75   2.07   0.2   200.     0.05    30.
236.    2.     1.     4.0    0.8    0.8    2.34   0.2   200.     0.05    30.
245.    2.     1.     1.3    0.4    0.4    2.34   0.2   200.     0.05    30.
264.    2.     1.     0.     0.     0.     2.34   0.2   200.     0.05    30.
265.    3.     1.     0.     0.     0.     0.     0.2   200.     0.05    30.
366.    4.     1.     0.     0.     0.     0.     0.2   200.     0.05    30.
