 10    KST    MAK    BFI    BBG    TWU    PFH     PALB  RSTMIN  WP_BFW  F_BFW  EROSP1  EROSP2  EROSP3
  0.    1.     1.     1.     1.1    1.     1.      1.      1.    1.      1.      1.      1.      1.
  1.    4.     1.     0.738  0.080  0.390  0.096   0.2   150.   0.03    40.
 25.    4.     1.     0.574  0.080  0.390  0.096   0.2   150.   0.03    40.
 55.    4.     1.     0.451  0.200  0.495  0.096   0.2   150.   0.03    40.
 85.    4.     1.     1.599  0.448  0.600  0.204   0.2   150.   0.03    40.
115.    4.     1.     3.649  0.800  0.795  0.504   0.2   150.   0.03    40.
145.    4.     1.     4.100  0.800  1.005  1.104   0.2   150.   0.03    40.
175.    4.     1.     3.321  0.800  1.500  1.200   0.2   150.   0.03    40.
195.    4.     1.     2.050  0.720  1.500  1.200   0.2   150.   0.03    40.
196.    4.     1.     0.000  0.000  0.000  0.000   0.2   150.   0.03    40.
271.    4.     1.     0.000  0.000  0.000  0.000   0.2   150.   0.03    40.
300.    4.     1.     0.123  0.080  0.195  0.096   0.2   150.   0.03    40.
330.    4.     1.     0.902  0.080  0.390  0.096   0.2   150.   0.03    40.
360.    4.     1.     0.779  0.080  0.390  0.096   0.2   150.   0.03    40.
366.    4.     1.     0.745  0.080  0.390  0.096   0.2   150.   0.03    40.
